y_obs=[1.85E-09
-1.85E-09
0.001308511
0.003661783
-0.006322704
0.001981539
0.006541608
0.014976921
0.008715123
0.004218694
-0.009579191
-0.003973868
0.000989208
-0.002814517
0.007577082
0.009437079
-0.000824513
0.00177909
-8.36E-05
-0.003069736
-0.009222877
-0.000167552
0.004610533
0.007827165
0.01535732
-0.000666489
0.012841048
0.007315237
0.024083378
0.006119616
-0.005399877
-0.014502033
-0.010795145
-0.005934149
0.001289206
0.014891453
0.003220617
-0.000741834
0.002195202
0.005717797
0.011553648
0.013968737
0.021988659
0.035226458
0.022464129
0.011822966
-0.003467052
-0.019964532
-0.006418482
0.031365303
0.034231361
0.016546996
0.007150047
-0.001424596
-0.002020992
0.002970462
0.003613013
-0.006818403
-0.007993029
-0.000749753
-0.010275651
-0.024299061
-0.020751906
-0.017668698
-0.029073539
-0.015605296
-0.008294442
-0.016412756
-0.010142846
-0.019174571
-0.027195364
-0.026203478
-0.034270422
-0.02042567
-0.020971846
-0.017236671
-0.02005908
-0.010702701
-0.008299442
-0.00362461
-0.004367201
-0.007123398
-0.004866329
-0.003623238
0.004741757
0.006903016
0.001812685
-0.006109055
0.003405542
0.004613115
-0.008986646
-0.012910716];

pi_obs=[0
7.43E-13
-0.000212337
-0.002188363
-0.002548946
-0.003446914
-0.003414854
-0.002344524
-0.003777561
-0.007087945
0.000653099
0.002415798
0.006596654
0.000713129
0.006890068
0.011259758
0.011083825
0.010744575
0.007315759
0.004296015
0.000976635
-0.00115901
-0.000592606
0.000378685
0.006260694
0.004240606
0.004030788
0.019497898
0.021248519
0.027255811
0.027004964
0.020592803
0.017241638
0.013266453
0.010547474
0.006630972
0.003973117
0.003092958
0.000623589
0.004684292
0.00782546
0.012674074
0.025990234
0.028233309
0.035772899
0.030579027
0.018201003
-0.001139122
-0.014047388
-0.017640288
-0.018292148
-0.013552027
-0.010083658
-0.0075172
-0.00521564
0.007171554
0.009913352
0.013456961
0.014748383
0.009346123
0.004534261
0.001291208
-0.003357102
-0.004363907
-0.003024612
-0.004813948
-0.00500305
-0.004911917
-0.006952662
-0.008456806
-0.009394739
-0.011783402
-0.013192436
-0.011380381
-0.008056838
-0.012123335
-0.006699948
-0.005618483
-0.006342415
-0.00649278
-0.007169464
-0.005062254
-0.00405258
-0.003137971
-0.001039822
-0.001525831
0.002020658
0.000797105
-0.000941543
0.005487888
0.009164593
0.016929255];

i_obs=[1.388819614867032e-13
-1.421814055380111e-13
1.099437953397397e-05
-0.000699843695969319
-0.0008527565706442954
-0.001488039548659791
-0.001328767472471041
-0.0002585494520424003
0.001262059265743548
0.002178465827659794
0.0005911751724049065
0.00137551621551127
0.002070595075822577
0.00270583836612357
0.003316942088913558
0.003829063550962671
0.004517439587431083
0.004337401305389058
0.004208966476035378
0.004012304127178679
0.003826708858891413
0.003328430372404747
0.003112517586448807
0.003227828845464493
0.002985922463885125
0.002612533227697949
0.003039540232024109
0.003098495170831958
0.002076498331156557
0.001981537704132524
0.001679318747312012
0.001146260717113775
0.0008312620249294701
-0.0001520607348843572
-0.0003076057816410035
-0.0001038055280734263
0.0002316627413670169
0.000677247402733166
0.001466449794232046
0.001762424623132351
0.0006086760098783592
0.001549135790294933
0.00207971725475521
0.0016499144549489
0.0003860296308212733
0.0006057818176681915
-7.750351712249894e-05
-0.001641044623011959
-0.004283419519522506
-0.003470760946066671
-0.001697823517558623
-0.001406443522536073
-0.0007419853682947998
0.000354206842974149
0.0005160528137608716
0.00186151777740863
0.00309833115581599
0.003482093249460508
0.00293477635766981
0.001241975423910146
0.0008976665590100675
-0.0006057243556110425
-0.0003729926432399361
-0.0009321807032394765
-0.0009267943583248402
0.001743903744216588
-7.610223183294498e-05
0.001030540276554422
-0.000277361627721474
-0.001931440732934243
-0.001317038414600393
-0.001214533102058341
0.0005842934074393475
-0.003171753395705744
-0.002768218971530994
-0.002481383493977881
-0.001891249489337365
-0.001429198962056032
-0.001008367966081516
-0.000298672825261536
0.0004495756725626001
0.001107328943401801
0.0013040305420102
0.001199945214836193
0.0007482916074553898
0.00102149242726392
0.00030163783145855
0.0005255817088532216
9.916525177822156e-05
0.0001949704400840873
7.34797833974489e-05
-9.642010669989702e-05];

save data.mat